VoltageReference=3.3
PadResistance=1470000
ResistanceRT=1500000
CoefficientA=0.27587992
CoefficientB=0.0020635
CoefficientC=1632136
CoefficientD=0.0260165408
PIDKP=7.07355452
PIDKI=0.1
PIDKD=0
